Jogo 1 
-2 -55 -35 -56 -9 -12 -46 -36 -60 -49 -1 -27 -10 -34 -37 
Jogo 2 
-31 -18 -14 -15 -42 -4 -2 -22 -32 -57 -26 -60 -28 -37 -11 
Jogo 3 
-1 -3 -55 -29 -10 -6 -2 -12 -31 -40 -24 -18 -22 -41 -15 
Jogo 4 
-58 -28 -24 -31 -29 -16 -2 -17 -22 -15 -35 -51 -44 -6 -25 
Jogo 5 
-51 -55 -1 -29 -56 -59 -54 -20 -47 -44 -50 -6 -27 -36 -39 
Jogo 6 
-10 -50 -41 -12 -35 -44 -20 -36 -33 -25 -17 -18 -27 -48 -49 
Jogo 7 
-43 -39 -37 -13 -28 -22 -15 -45 -48 -27 -14 -47 -49 -20 -12 
Jogo 8 
-25 -7 -38 -5 -54 -45 -58 -44 -1 -56 -50 -30 -16 -14 -4 
Jogo 9 
-50 -3 -49 -44 -17 -60 -52 -53 -14 -15 -38 -39 -11 -56 -10 
Jogo 10 
-15 -30 -19 -56 -27 -36 -13 -53 -2 -31 -1 -11 -55 -26 -18 
